,0,1,2,3,4
0,BNB,0.48333333333333334,0.46875,0.6304347826086957,0.0042269229888916016
1,GNB,0.7058823529411765,0.71875,0.7272727272727272,0.0032699108123779297
2,LDA,0.75,0.75,0.75,0.0076448917388916016
3,SVM_L,0.8064516129032258,0.796875,0.7936507936507936,72.17510199546814
4,SVM_G,1.0,0.984375,0.9841269841269841,0.7045199871063232
5,5NN,0.6774193548387096,0.671875,0.6666666666666667,0.005774974822998047
6,LR2,0.75,0.75,0.75,0.11811184883117676
7,P2,0.5,0.5,0.6666666666666666,0.195098876953125
8,SGD,0.6071428571428571,0.59375,0.5666666666666667,0.009068012237548828
9,ADA,0.8333333333333334,0.875,0.8823529411764706,0.7853701114654541
10,DT,0.7741935483870968,0.765625,0.7619047619047619,0.052659034729003906
11,RF,0.9642857142857143,0.90625,0.8999999999999999,0.07264184951782227
12,DPGMM,0.45454545454545453,0.453125,0.4615384615384615,0.3874380588531494
13,ET,0.9642857142857143,0.90625,0.8999999999999999,0.09352803230285645
14,GMM,0.47058823529411764,0.46875,0.48484848484848486,0.19713091850280762
15,MLP,0.6190476190476191,0.65625,0.7027027027027026,0.4093449115753174
